function d = RA232488_L03_01()
    
    %parametros utilizados
    k1 = 50e3;
    k2 = 50;
    m = 112;
    g = 9.81
    h = 0.51;
    


    




end
