function [A, b] = RA232488_L04_03_aux1(R)
    
    A = [20, 0, -15;
         0, R + 15, -R;
         -15, -R, 35 + R];

   b = [220;
         0;
         0];

end
